0 25 64 44 75 28 83 54 92 65 50 87 62 82 45 81 99 62 47 93 28 
96 0 78 96 40 76 38 62 53 12 17 57 27 27 48 61 26 82 93 28 46 
74 85 0 34 68 67 45 68 24 65 32 42 29 91 21 42 85 59 93 57 94 
70 74 91 0 57 18 45 91 94 40 93 27 32 32 42 30 57 22 75 75 77 
70 28 77 99 0 90 74 64 65 94 34 74 52 55 50 42 63 40 61 23 27 
20 90 12 17 24 0 92 33 42 19 49 32 25 33 30 98 85 38 54 54 90 
68 24 88 40 87 87 0 77 18 33 59 96 51 21 41 30 91 43 85 84 57 
78 81 65 48 65 47 85 0 15 26 55 45 84 87 26 17 32 42 19 28 18 
98 60 39 30 20 19 90 11 0 60 65 30 93 10 20 82 67 68 24 20 62 
57 46 20 25 12 90 89 42 16 0 85 40 15 86 17 73 53 85 65 26 59 
70 58 49 26 52 49 64 85 18 31 0 48 50 90 94 32 24 39 37 49 34 
36 90 18 10 48 82 48 62 87 22 96 0 52 19 64 13 92 88 15 16 85 
36 50 23 17 70 26 70 49 73 35 73 96 0 87 81 49 17 22 98 70 58 
75 27 32 25 77 54 88 72 96 40 33 34 60 0 59 95 28 86 35 83 68 
91 47 94 64 68 33 42 74 72 98 61 94 65 83 0 57 63 70 87 31 55 
62 63 45 91 84 38 90 33 24 10 30 97 78 77 71 0 96 26 22 22 33 
49 82 52 42 52 34 67 59 70 29 92 57 56 50 79 63 0 73 43 20 56 
55 55 29 43 10 50 90 44 52 68 71 55 79 70 63 10 56 0 20 41 46 
89 21 36 27 47 83 91 83 12 85 85 76 82 17 51 67 82 32 0 78 63 
12 63 99 77 30 14 45 58 34 12 27 64 96 54 88 14 37 64 81 0 41 
82 32 18 83 98 98 15 56 91 32 30 76 58 66 90 89 10 84 85 59 0 
