0 18 24 65 67 48 42 53 43 82 77 27 49 90 96 96 45 65 23 84 84 
11 0 27 14 30 85 35 65 16 47 76 93 45 85 21 98 55 64 33 12 94 
17 16 0 75 34 93 45 61 16 69 20 87 21 83 94 52 50 24 87 99 69 
12 15 84 0 46 24 33 25 26 89 36 15 35 96 64 74 80 60 95 62 75 
41 62 80 60 0 41 62 49 13 26 57 80 30 85 55 29 20 84 81 13 90 
75 47 25 46 60 0 45 77 67 15 10 95 82 39 76 19 64 43 12 80 85 
92 57 54 36 98 65 0 85 72 48 84 99 82 82 19 36 84 89 93 85 89 
82 94 11 11 36 37 25 0 95 76 88 18 51 19 24 65 81 95 55 34 29 
12 36 56 17 94 83 95 84 0 35 15 98 85 94 88 98 92 14 28 32 54 
55 54 21 27 16 92 85 66 88 0 53 44 87 47 40 36 10 41 46 18 48 
31 79 56 22 11 20 63 11 23 64 0 18 67 70 12 89 55 73 67 97 14 
80 62 96 87 64 35 74 18 18 34 92 0 53 66 97 96 47 75 55 35 47 
61 96 89 30 86 32 30 41 79 83 93 11 0 66 43 66 16 43 84 86 17 
77 33 59 64 46 69 52 12 55 27 81 31 41 0 82 99 96 76 68 38 30 
83 51 85 25 38 34 78 78 57 41 44 87 75 34 0 17 49 61 45 79 28 
36 28 27 68 46 84 50 41 34 86 86 75 32 48 23 0 52 96 60 96 39 
73 90 95 41 32 17 79 80 37 45 66 43 93 96 83 15 0 48 55 37 41 
61 41 12 41 56 11 83 41 80 52 13 63 79 53 89 35 72 0 15 90 11 
69 69 78 12 88 21 26 29 77 20 76 65 19 56 76 87 24 30 0 97 83 
80 62 34 90 38 95 66 67 86 27 64 93 23 35 75 12 54 40 92 0 48 
61 78 62 49 57 52 12 95 27 50 19 75 58 59 93 16 15 42 41 64 0 
