0 11 83 40 61 97 95 48 61 33 53 53 41 37 70 63 21 13 76 32 36 
74 0 32 69 31 95 35 47 90 53 17 15 24 94 51 19 64 21 45 54 92 
19 18 0 82 10 28 47 56 15 37 20 99 63 33 70 83 42 82 75 97 15 
72 78 83 0 80 89 70 33 36 87 54 22 29 41 83 64 40 49 10 44 88 
32 16 98 17 0 84 31 53 94 28 11 68 16 29 79 40 79 64 99 48 27 
49 42 74 94 15 0 32 96 31 18 60 89 92 32 31 80 21 22 14 11 78 
72 98 91 18 96 21 0 72 21 98 22 78 70 28 67 77 93 99 23 98 66 
87 63 65 56 68 54 17 0 76 87 53 54 42 14 58 29 52 90 24 31 74 
31 97 23 33 31 33 15 92 0 87 73 33 30 39 48 50 60 65 14 36 35 
52 76 83 47 62 78 65 96 44 0 76 30 89 48 97 15 51 20 76 29 37 
88 97 52 25 16 35 37 75 34 92 0 45 95 34 28 74 38 79 16 44 22 
31 24 54 17 36 64 67 47 65 34 25 0 80 55 12 65 53 15 95 69 78 
28 64 92 94 71 66 40 69 10 82 52 83 0 75 96 26 29 16 50 16 67 
32 27 10 41 61 79 10 37 27 38 35 54 67 0 51 45 29 23 59 75 15 
14 28 65 69 49 59 78 50 38 41 45 36 98 15 0 83 21 35 87 65 50 
98 24 77 90 97 16 79 85 88 75 92 28 77 11 33 0 78 66 55 24 10 
50 12 66 40 54 32 71 53 74 29 94 85 74 65 73 23 0 57 97 81 31 
81 65 47 19 15 69 96 35 56 32 25 26 40 50 21 97 43 0 55 28 65 
55 85 67 84 56 24 12 16 27 18 46 58 86 45 33 26 96 39 0 61 34 
88 38 71 32 18 98 79 43 49 62 54 20 11 65 18 82 45 60 32 0 51 
38 46 44 64 66 99 22 94 28 67 45 76 48 62 77 24 32 31 55 17 0 
