0 52 70 65 38 40 87 80 90 13 15 54 39 74 85 37 35 77 52 99 52 
78 0 86 64 47 27 32 65 38 20 15 10 75 99 36 40 68 60 61 99 19 
63 76 0 93 67 73 83 54 86 94 57 64 31 59 99 13 66 81 80 52 27 
53 72 96 0 26 74 25 28 45 91 93 73 55 89 40 16 47 52 68 15 31 
38 44 26 88 0 36 21 85 73 13 90 56 74 37 89 95 99 35 82 31 79 
26 30 96 86 54 0 65 93 23 75 66 74 42 19 17 60 52 57 68 86 87 
51 65 28 44 64 79 0 45 20 54 11 20 16 83 47 86 44 49 35 54 32 
90 67 92 67 38 37 48 0 72 85 28 73 39 15 81 49 32 36 87 94 80 
23 80 65 97 89 24 53 71 0 70 34 81 83 25 43 26 47 42 51 23 78 
23 33 90 63 56 19 31 55 96 0 61 38 89 44 43 49 76 83 59 26 63 
85 23 11 75 75 47 97 52 48 57 0 59 83 32 16 26 57 37 10 94 52 
15 55 20 43 40 89 81 17 73 23 79 0 91 60 33 93 63 73 40 19 85 
35 32 82 96 40 63 40 31 22 32 13 62 0 97 76 19 24 51 80 33 19 
32 38 63 22 85 38 18 73 96 73 90 75 40 0 18 89 68 71 20 33 27 
80 15 11 26 77 39 30 69 62 41 79 21 61 92 0 80 44 36 61 42 54 
94 60 42 49 45 49 91 41 45 18 50 51 14 33 42 0 48 85 37 69 51 
33 78 36 35 91 81 28 39 35 79 47 56 18 99 28 78 0 38 28 77 94 
88 80 21 87 15 75 30 57 81 98 84 24 55 13 64 84 99 0 11 54 44 
27 48 83 92 72 16 15 75 60 86 20 98 56 23 63 30 72 56 0 68 91 
35 15 34 54 27 42 43 43 78 53 93 49 65 64 25 72 51 64 53 0 78 
15 32 73 95 98 27 15 22 46 49 70 54 95 96 37 60 95 46 57 78 0 
